
[2025-05-17 17:35:03] lotto_1171.csv
A: 7 8 17 26 41 43
B: 2 7 19 34 44 45
C: 9 17 24 27 28 41
D: 7 18 29 31 40 41
E: 8 13 25 29 33 37
------------------------------
A: 6 17 25 26 38 40
B: 4 8 18 26 40 45
C: 1 20 30 34 38 39
D: 11 14 26 28 36 40
E: 8 9 21 29 43 45
------------------------------
A: 3 9 21 32 33 45
B: 3 20 24 27 40 42
C: 4 21 22 26 32 40
D: 10 12 18 30 33 45
E: 7 17 20 29 34 45
------------------------------

[2025-05-17 18:36:29] lotto_1171.csv
A: 7 8 12 27 43 45
B: 2 7 28 33 38 39
C: 10 13 26 33 35 41
D: 1 12 21 28 36 44
E: 7 11 16 34 37 38
------------------------------
A: 6 13 20 32 35 36
B: 10 15 22 34 41 44
C: 6 9 22 36 43 44
D: 5 14 26 32 36 37
E: 14 19 26 32 34 41
------------------------------
A: 3 7 29 38 43 45
B: 3 14 27 28 32 38
C: 13 14 17 19 38 44
D: 15 17 29 32 33 35
E: 8 17 24 26 32 44
------------------------------

[2025-05-17 10:22:53] lotto_1171.csv
A: 7 20 28 30 36 43
B: 6 7 18 37 44 45
C: 1 14 20 33 34 42
D: 9 16 19 24 31 45
E: 4 10 27 34 38 42
------------------------------
A: 7 11 22 29 34 39
B: 3 7 25 28 42 43
C: 9 14 17 34 35 41
D: 4 8 26 29 36 37
E: 8 11 19 29 42 43
------------------------------
A: 1 14 16 35 41 42
B: 11 12 18 29 38 45
C: 6 14 25 26 39 40
D: 1 19 27 38 39 42
E: 7 8 25 28 34 41
------------------------------

[2025-05-17 10:32:21] lotto_1171.csv
A: 9 11 20 39 43 44
B: 7 19 25 28 29 36
C: 5 7 28 29 35 42
D: 2 15 30 36 39 42
E: 2 16 25 26 39 41
------------------------------
A: 2 9 21 38 39 43
B: 2 11 28 30 39 40
C: 7 14 19 32 37 40
D: 6 11 22 29 35 45
E: 12 22 23 25 39 44
------------------------------
A: 3 4 26 28 44 45
B: 8 15 27 33 40 45
C: 4 15 18 31 41 43
D: 6 19 20 28 30 43
E: 6 18 29 33 34 36
------------------------------

[2025-05-17 10:32:21] lotto_1171.csv
A: 2 4 22 28 41 45
B: 5 12 29 35 36 44
C: 5 8 26 28 37 41
D: 11 17 22 23 33 38
E: 7 10 21 24 40 42
------------------------------
A: 4 8 28 41 42 45
B: 15 18 22 28 31 37
C: 7 13 22 24 39 44
D: 5 16 18 28 41 42
E: 1 6 30 35 36 44
------------------------------
A: 7 13 22 30 43 45
B: 4 7 30 34 38 42
C: 6 20 29 32 36 38
D: 11 15 24 27 37 40
E: 14 17 19 32 36 37
------------------------------

[2025-05-17 19:41:58] lotto_1171.csv
A: 7 12 21 29 34 44
B: 11 17 24 26 34 40
C: 4 23 29 30 34 37
D: 2 20 21 23 38 40
E: 1 20 29 33 35 43
------------------------------
A: 5 11 20 28 44 45
B: 8 12 24 31 37 38
C: 14 20 24 27 35 43
D: 3 8 24 38 39 42
E: 10 19 24 30 32 41
------------------------------
A: 3 4 27 40 41 44
B: 4 13 21 27 44 45
C: 7 15 19 27 30 43
D: 8 16 17 35 36 43
E: 6 14 22 29 31 39
------------------------------

[2025-05-18 07:53:29] lotto_1171.csv
A: 7 14 20 29 35 39
B: 5 19 23 36 39 44
C: 10 17 19 28 37 44
D: 1 12 25 26 39 45
E: 10 15 21 31 36 37
------------------------------
A: 7 13 20 27 44 45
B: 4 6 10 39 40 42
C: 7 16 17 25 32 43
D: 10 17 28 31 32 37
E: 4 7 23 27 39 40
------------------------------
A: 7 11 16 31 33 44
B: 3 18 25 35 37 41
C: 7 18 28 33 41 42
D: 15 19 25 28 34 36
E: 1 15 27 30 35 38
------------------------------

[2025-05-18 08:22:42] lotto_1172.csv
A: 15 21 26 27 37 40
B: 11 19 22 25 34 45
C: 10 17 19 29 41 45
D: 4 10 16 26 42 45
E: 14 21 26 31 33 38
------------------------------
A: 1 16 28 37 41 42
B: 6 13 28 30 40 41
C: 2 17 18 38 39 41
D: 8 12 30 37 38 41
E: 9 23 27 30 36 40
------------------------------
A: 1 18 29 32 34 38
B: 11 14 17 27 32 39
C: 4 11 18 37 44 45
D: 6 9 17 23 43 44
E: 9 13 14 22 44 45
------------------------------

[2025-05-18 09:04:12] lotto_1172.csv
A: 11 14 20 22 36 44
B: 2 7 25 37 40 41
C: 7 23 24 28 31 44
D: 7 12 23 27 44 45
E: 3 7 26 42 43 45
------------------------------
A: 8 17 21 24 35 44
B: 3 10 22 40 41 44
C: 2 10 23 33 38 45
D: 9 15 24 26 36 42
E: 6 12 28 39 42 43
------------------------------
A: 5 13 17 38 42 45
B: 7 10 30 35 38 39
C: 6 12 17 27 39 41
D: 8 14 26 27 35 36
E: 4 19 21 23 32 43
------------------------------

[2025-05-18 09:36:03] lotto_1172.csv
A: 4 12 21 33 34 36
B: 5 11 22 31 38 39
C: 4 21 23 34 35 40
D: 5 14 26 32 33 36
E: 13 21 25 27 31 34
------------------------------
A: 2 9 21 28 42 43
B: 4 6 27 30 41 44
C: 4 21 22 31 35 40
D: 1 13 26 32 33 38
E: 1 9 25 31 38 42
------------------------------
A: 8 13 21 30 40 42
B: 10 12 23 34 44 45
C: 14 19 23 28 35 38
D: 1 7 27 28 42 45
E: 4 8 22 26 41 44
------------------------------

[2025-05-18 09:50:06] lotto_1172.csv
A: 7 22 23 24 33 45
B: 2 14 16 28 41 44
C: 1 18 28 34 42 43
D: 10 17 19 32 40 44
E: 12 15 23 29 35 44
------------------------------
A: 8 23 26 29 34 36
B: 11 25 26 30 36 39
C: 4 19 22 31 37 39
D: 13 14 19 21 34 42
E: 6 12 29 31 41 45
------------------------------
A: 10 15 24 27 31 34
B: 2 20 25 26 30 44
C: 15 24 29 32 34 36
D: 6 18 21 35 44 45
E: 9 23 28 31 34 44
------------------------------
01번째 추천 번호에요~❤️❤️
[2025-05-18 10:25:25]
------------------------------
A: 13 15 17 30 38 43
B: 13 16 20 31 32 41
C: 6 15 19 30 36 37
D: 5 9 29 40 41 43
E: 2 21 25 26 31 44
------------------------------
A: 9 13 26 27 36 40
B: 14 17 20 22 31 40
C: 10 24 25 27 34 43
D: 6 15 16 28 34 43
E: 8 14 21 29 41 45
------------------------------
A: 7 22 23 27 31 36
B: 12 15 19 25 28 43
C: 10 15 23 29 33 34
D: 13 15 19 24 42 43
E: 9 16 17 22 37 45
------------------------------
🛫 “당첨의 여정, 지금 시작됩니다. 착륙지는 1등!”
02번째 추천 번호에요~❤️❤️
[2025-05-18 10:29:30]
------------------------------
A: 11 13 24 26 32 34
B: 10 15 19 29 36 43
C: 4 11 29 30 36 41
D: 7 18 19 21 39 42
E: 10 11 18 28 37 39
------------------------------
A: 7 22 23 27 34 41
B: 8 22 23 29 31 43
C: 9 17 24 30 37 38
D: 7 24 25 28 38 43
E: 6 17 30 37 38 42
------------------------------
A: 14 18 27 28 40 43
B: 11 20 22 28 40 45
C: 1 23 26 36 38 39
D: 1 7 24 34 38 42
E: 14 17 28 33 34 41
------------------------------
🛫 “당첨의 여정, 지금 시작됩니다. 착륙지는 1등!”
03번째 추천 번호에요~❤️❤️
[2025-05-18 10:29:54]
------------------------------
A: 12 21 25 31 36 37
B: 4 7 26 30 34 45
C: 10 21 22 26 31 39
D: 4 18 27 28 40 43
E: 5 18 24 38 40 41
------------------------------
A: 3 17 20 34 44 45
B: 6 13 17 35 44 45
C: 3 21 26 34 35 44
D: 10 24 26 29 32 36
E: 9 14 18 33 34 37
------------------------------
A: 8 17 24 35 36 38
B: 11 14 22 35 38 45
C: 3 13 21 22 39 44
D: 5 26 29 34 36 37
E: 3 16 23 27 32 45
------------------------------
💸 “지금 이 번호… 뭔가 다릅니다. 대박의 예감!”
04번째 추천 번호에요~❤️❤️
[직전회차 1172회]
------------------------------
A: 10 17 28 30 34 39
B: 15 20 23 26 36 38
C: 9 12 13 25 40 42
D: 4 16 22 36 40 41
E: 13 15 16 21 30 45
------------------------------
A: 7 20 27 31 42 43
B: 6 7 16 30 38 44
C: 10 17 20 21 32 44
D: 12 16 17 22 38 40
E: 4 21 27 32 34 39
------------------------------
A: 9 11 20 36 39 45
B: 9 12 24 36 44 45
C: 7 12 27 28 36 45
D: 6 10 25 35 37 41
E: 10 13 25 28 37 45
------------------------------
🎉 “이번 주는 당신의 차례입니다! 대박을 기원합니다!”
05번째 추천 번호에요~❤️❤️
[직전회차 1172회]
------------------------------
A: 7 13 18 24 39 43
B: 2 15 19 40 42 43
C: 7 18 19 21 38 45
D: 6 14 22 30 40 41
E: 13 16 22 34 40 42
------------------------------
A: 3 12 28 35 38 39
B: 15 16 26 27 38 42
C: 4 21 23 28 32 43
D: 15 17 25 28 34 40
E: 1 7 20 34 35 44
------------------------------
A: 3 12 24 30 34 39
B: 4 5 27 30 32 45
C: 13 19 26 27 36 45
D: 13 20 21 27 31 36
E: 7 15 20 29 38 39
------------------------------
💫 “소름 돋는 예감, 이번엔 진짜다!”
06번째 추천 번호에요~❤️❤️
[직전회차 1173회]
------------------------------
A: 8 15 25 26 31 39
B: 6 18 24 32 38 39
C: 3 16 29 35 38 39
D: 10 15 29 34 35 36
E: 8 22 30 31 37 40
------------------------------
A: 3 16 26 32 44 45
B: 10 21 23 33 34 38
C: 1 22 25 32 36 37
D: 1 22 28 33 35 43
E: 10 15 27 33 34 43
------------------------------
A: 3 12 16 33 38 45
B: 7 12 16 37 40 43
C: 11 15 25 26 30 38
D: 7 9 10 40 41 45
E: 1 14 19 40 41 45
------------------------------
🔥 “오늘 찍은 번호, 불타는 운명을 안고 있습니다!”
07번째 추천 번호에요~❤️❤️
[직전회차 1174회]
------------------------------
A: 7 8 23 36 38 42
B: 11 21 26 29 38 43
C: 2 16 22 28 37 45
D: 1 21 24 29 32 37
E: 8 9 17 26 39 42
------------------------------
A: 3 11 26 30 31 42
B: 12 16 19 28 33 38
C: 9 11 25 34 40 45
D: 5 10 28 31 35 36
E: 4 8 20 38 42 43
------------------------------
A: 12 15 26 29 38 45
B: 8 12 23 24 30 43
C: 4 18 30 34 37 45
D: 10 15 17 30 33 36
E: 6 21 23 34 36 39
------------------------------
🎯 "인생 역전, 오늘이 그 날입니다!"
08번째 추천 번호에요~❤️❤️
[직전회차 1174회]
------------------------------
A: 3 14 28 32 33 39
B: 1 6 27 35 40 41
C: 15 17 26 34 37 38
D: 5 12 20 27 42 44
E: 5 13 21 23 42 44
------------------------------
A: 8 14 25 28 42 43
B: 6 13 21 25 41 42
C: 2 16 27 34 36 43
D: 9 16 21 26 33 42
E: 2 27 28 30 37 41
------------------------------
A: 8 17 20 33 38 39
B: 5 13 18 21 44 45
C: 1 15 30 31 34 38
D: 14 15 19 30 37 44
E: 1 8 27 32 34 44
------------------------------
💸 "지금 이 번호… 뭔가 다릅니다. 대박의 예감!"
09번째 추천 번호에요~❤️❤️
[직전회차 1174회]
------------------------------
A: 4 5 21 29 36 45
B: 10 15 18 23 37 45
C: 5 8 29 39 43 44
D: 6 19 20 26 38 44
E: 4 13 17 23 41 45
------------------------------
A: 6 11 19 31 34 40
B: 9 12 24 32 35 38
C: 15 26 28 29 32 36
D: 10 13 16 33 34 37
E: 7 18 24 31 36 37
------------------------------
A: 3 18 19 28 34 42
B: 5 13 26 29 34 39
C: 9 14 20 29 36 37
D: 2 14 20 29 40 45
E: 7 23 25 34 37 38
------------------------------
💫 "소름 돋는 예감, 이번엔 진짜다!"
10번째 추천 번호에요~❤️❤️
[직전회차 1174회]
------------------------------
A: 12 15 21 23 26 43
B: 9 15 17 19 40 41
C: 3 8 27 28 36 42
D: 2 13 23 30 35 39
E: 9 16 23 27 41 43
------------------------------
A: 7 9 24 31 32 42
B: 6 14 30 37 40 42
C: 2 9 28 30 34 38
D: 8 10 28 29 42 43
E: 7 11 14 30 41 45
------------------------------
A: 10 14 16 31 41 42
B: 14 18 23 27 37 45
C: 3 8 19 25 44 45
D: 1 13 19 25 44 45
E: 12 13 17 30 34 43
------------------------------
🛫 "당첨의 여정, 지금 시작됩니다. 착륙지는 1등!"
11번째 추천 번호에요~❤️❤️
[직전회차 1174회]
------------------------------
A: 9 16 26 30 43 44
B: 5 15 16 28 42 44
C: 2 7 29 33 37 38
D: 12 14 17 18 36 44
E: 13 15 20 30 32 39
------------------------------
A: 4 10 19 35 41 45
B: 13 15 20 24 30 38
C: 7 22 29 35 37 38
D: 6 7 16 28 41 42
E: 8 13 19 29 41 42
------------------------------
A: 1 9 29 38 44 45
B: 12 16 17 33 37 38
C: 11 19 26 29 35 42
D: 11 17 18 27 34 40
E: 2 18 24 33 38 41
------------------------------
🍀 "복권의 신이 미소 지었습니다. 바로 당신에게!"
12번째 추천 번호에요~❤️❤️
[직전회차 1174회]
------------------------------
A: 12 15 28 31 33 41
B: 8 11 17 30 40 42
C: 15 17 28 30 31 37
D: 13 18 19 23 35 41
E: 13 23 24 27 36 45
------------------------------
A: 11 23 26 27 34 36
B: 13 14 17 32 33 41
C: 1 12 25 27 42 43
D: 6 15 19 30 34 40
E: 4 10 27 29 39 43
------------------------------
A: 12 16 17 26 35 38
B: 8 20 23 26 40 44
C: 10 13 17 30 32 39
D: 5 7 16 30 41 45
E: 6 14 20 23 41 43
------------------------------
🎉 "이번 주는 당신의 차례입니다! 대박을 기원합니다!"
13번째 추천 번호에요~❤️❤️
[직전회차 1174회]
------------------------------
A: 13 20 30 33 34 45
B: 16 17 18 33 34 39
C: 18 24 27 33 34 42
D: 1 18 26 29 33 34
E: 11 12 18 25 33 34
------------------------------
A: 7 13 19 31 33 44
B: 6 15 27 29 30 37
C: 7 10 18 33 38 39
D: 6 8 18 33 44 45
E: 10 24 30 32 33 35
------------------------------
A: 10 12 16 27 39 42
B: 6 14 20 21 39 41
C: 12 19 24 32 38 41
D: 5 6 26 28 39 44
E: 10 18 23 27 34 40
------------------------------
🌟 "행운은 준비된 자의 것! 준비되셨죠?"
14번째 추천 번호에요~❤️❤️
[직전회차 1174회]
------------------------------
A: 13 27 30 37 42 43
B: 13 17 18 27 37 42
C: 13 26 27 30 37 38
D: 13 18 27 37 44 45
E: 8 11 13 24 27 37
------------------------------
A: 13 19 20 24 37 39
B: 8 15 18 26 33 41
C: 8 9 26 27 38 45
D: 12 14 18 23 39 44
E: 3 8 27 33 34 40
------------------------------
A: 5 19 26 31 33 39
B: 14 20 28 33 34 39
C: 9 15 16 31 44 45
D: 9 12 32 33 38 40
E: 5 13 33 37 38 42
------------------------------
🕊️ "간절함은 통합니다. 간절히 바라면 이루어질 거예요."
15번째 추천 번호에요~❤️❤️
[직전회차 1174회]
------------------------------
A: 13 15 17 18 37 40
B: 3 9 13 18 27 37
C: 1 13 30 37 40 45
D: 13 14 18 20 33 37
E: 3 13 18 27 37 40
------------------------------
A: 3 18 26 31 40 43
B: 9 15 20 38 39 44
C: 8 9 20 29 32 45
D: 5 9 30 31 36 40
E: 14 15 22 29 39 40
------------------------------
A: 3 17 18 30 38 45
B: 8 14 26 29 35 39
C: 14 17 23 27 40 45
D: 10 19 22 30 35 37
E: 10 19 20 23 37 42
------------------------------
🧿 "당첨을 막는 모든 불운을 차단했습니다. 가즈아~!"
16번째 추천 번호에요~❤️❤️
[직전회차 1174회]
------------------------------
A: 12 24 34 40 42 45
B: 7 12 34 36 44 45
C: 12 21 28 34 40 45
D: 12 24 27 34 39 45
E: 12 27 29 34 40 45
------------------------------
A: 2 21 27 28 38 43
B: 8 9 14 27 39 43
C: 8 12 19 28 33 45
D: 14 18 19 29 31 33
E: 2 16 26 39 40 45
------------------------------
A: 6 11 18 36 37 40
B: 12 14 17 25 31 44
C: 3 14 28 29 37 39
D: 6 13 24 27 34 38
E: 11 14 28 29 39 45
------------------------------
🌈 "무지개 끝에 황금이 있다면, 당신의 손에 로또가 있습니다!"
17번째 추천 번호에요~❤️❤️
[직전회차 1174회]
------------------------------
A: 12 18 27 33 37 45
B: 6 12 27 33 39 45
C: 11 12 14 27 28 31
D: 12 13 18 24 27 33
E: 8 12 24 27 33 43
------------------------------
A: 7 16 18 19 38 45
B: 8 12 20 30 35 37
C: 5 12 27 31 32 44
D: 11 17 18 27 30 43
E: 7 8 28 29 33 44
------------------------------
A: 8 11 14 33 44 45
B: 3 14 24 28 31 40
C: 3 17 18 31 37 40
D: 3 12 28 31 41 44
E: 8 12 19 31 37 39
------------------------------
✨ "당신의 손끝이 기적을 만들었습니다. 당첨을 응원합니다!"
18번째 추천 번호에요~❤️❤️
[직전회차 1174회]
------------------------------
A: 3 12 20 30 40 44
B: 12 21 27 28 37 40
C: 12 13 14 27 33 38
D: 11 12 27 29 38 40
E: 12 13 21 27 36 40
------------------------------
A: 8 12 33 37 38 40
B: 6 13 27 34 38 44
C: 11 17 21 22 33 40
D: 1 13 33 37 38 40
E: 14 17 26 31 37 40
------------------------------
A: 8 14 15 19 43 45
B: 5 7 18 31 34 45
C: 6 14 25 26 39 43
D: 6 13 16 37 38 40
E: 7 14 18 31 37 45
------------------------------
🧧 "이번 주, 복(福)은 당신의 차지입니다!"
19번째 추천 번호에요~❤️❤️
[직전회차 1174회]
------------------------------
A: 11 12 18 27 38 45
B: 12 18 19 43 44 45
C: 12 14 18 37 44 45
D: 2 12 18 26 43 45
E: 12 13 15 18 29 37
------------------------------
A: 8 13 18 24 35 42
B: 11 13 26 28 31 42
C: 11 16 18 26 34 40
D: 10 12 21 33 37 40
E: 12 17 18 31 38 40
------------------------------
A: 3 14 18 31 40 44
B: 10 21 26 27 34 36
C: 8 14 16 32 37 42
D: 3 11 27 37 38 40
E: 17 18 21 26 27 45
------------------------------
🚀 "꿈은 이뤄진다! 이번엔 현실로!"
20번째 추천 번호에요~❤️❤️
[직전회차 1175회]
------------------------------
A: 3 18 33 40 42 45
B: 3 17 18 26 33 45
C: 7 16 18 28 33 45
D: 18 24 28 33 40 45
E: 3 12 18 25 33 45
------------------------------
A: 1 14 21 37 38 42
B: 3 17 29 31 32 37
C: 7 23 24 31 33 45
D: 7 12 18 31 33 42
E: 6 13 31 35 37 45
------------------------------
A: 4 18 19 31 34 45
B: 3 18 19 31 38 40
C: 4 15 18 31 37 45
D: 12 14 24 28 31 43
E: 10 11 20 34 37 43
------------------------------
🌟 "행운은 준비된 자의 것! 준비되셨죠?"
21번째 추천 번호에요~❤️❤️
[직전회차 1175회]
------------------------------
A: 3 13 18 34 36 40
B: 13 15 18 29 33 34
C: 13 14 18 27 34 42
D: 13 18 19 24 34 38
E: 13 18 21 33 34 42
------------------------------
A: 4 8 27 33 34 40
B: 6 13 25 28 34 36
C: 8 14 21 25 43 45
D: 5 18 27 28 42 44
E: 7 14 29 32 33 42
------------------------------
A: 12 22 27 31 33 45
B: 8 11 24 30 37 44
C: 5 12 28 33 39 45
D: 1 19 20 34 37 44
E: 11 13 14 23 38 45
------------------------------
🎉 "이번 주는 당신의 차례입니다! 대박을 기원합니다!"
22번째 추천 번호에요~❤️❤️
[직전회차 1176회]
------------------------------
A: 12 21 27 28 34 44
B: 12 14 27 33 34 42
C: 12 17 20 27 34 43
D: 11 12 14 26 27 34
E: 12 25 27 28 34 39
------------------------------
A: 7 18 30 31 34 40
B: 7 11 27 28 34 45
C: 6 7 26 29 38 40
D: 11 20 21 29 34 37
E: 4 16 31 33 34 45
------------------------------
A: 11 18 19 34 37 41
B: 6 13 17 37 39 40
C: 13 15 26 29 36 38
D: 13 23 24 27 36 40
E: 5 14 25 27 39 42
------------------------------
🙌 "이 번호, 그냥 좋다… 느낌이 온다!"
23번째 추천 번호에요~❤️❤️
[직전회차 1177회]
------------------------------
A: 3 9 12 18 21 37
B: 4 5 14 19 41 45
C: 15 19 27 28 33 38
D: 9 11 12 21 34 42
E: 8 9 12 19 34 45
------------------------------
A: 15 21 27 36 38 40
B: 7 13 14 38 42 45
C: 3 7 21 24 28 35
D: 2 5 8 23 30 31
E: 2 13 24 27 35 45
------------------------------
A: 3 18 19 21 34 38
B: 13 18 21 28 34 36
C: 2 7 12 13 34 44
D: 1 6 30 34 37 41
E: 4 22 23 26 42 43
------------------------------
🙌 "이 번호, 그냥 좋다… 느낌이 온다!"
22번째 추천 번호에요~❤️❤️ (실용모드)
[직전회차 1177회]
------------------------------
A: 7 11 16 25 32 38
B: 7 12 14 28 40 45
C: 7 12 25 33 37 43
D: 1 11 13 37 38 45
E: 1 26 30 33 37 44
------------------------------
A: 4 14 19 20 27 38
B: 17 21 23 34 40 45
C: 2 9 30 34 38 40
D: 7 12 13 32 38 40
E: 14 16 17 31 33 45
------------------------------
A: 4 7 17 23 37 43
B: 2 3 9 18 20 21 32 39 45
C: 7 20 31 35 37 39
D: 3 23 34 37 38 45
E: 18 19 21 30 32 38
------------------------------
🎯 "성공률을 높인 실용적 추천번호!"
25번째 추천 번호에요~❤️❤️
[직전회차 1177회]
------------------------------
A: 12 28 33 34 40 45
B: 12 14 31 40 44 45
C: 7 12 13 29 40 45
D: 12 21 26 38 40 45
E: 4 12 34 39 40 45
------------------------------
A: 3 7 28 31 38 40
B: 3 14 27 28 37 39
C: 7 17 20 36 37 43
D: 11 12 21 33 38 40
E: 3 12 27 37 38 40
------------------------------
A: 3 7 28 29 38 40
B: 3 14 17 31 37 44
C: 7 13 21 26 38 40
D: 11 12 27 31 37 40
E: 7 12 21 27 38 40
------------------------------
🚀 "꿈은 이뤄진다! 이번엔 현실로!"
26번째 추천 번호에요~❤️❤️
[직전회차 1177회]
------------------------------
A: 13 14 21 28 37 38
B: 3 13 31 33 37 45
C: 13 14 16 37 42 45
D: 8 13 14 27 37 43
E: 13 14 18 19 37 40
------------------------------
A: 7 7 21 36 37 40
B: 3 13 24 29 38 40
C: 7 17 21 27 40 42
D: 6 11 25 27 37 44
E: 1 12 29 31 37 40
------------------------------
A: 7 7 27 30 38 44
B: 3 17 26 27 33 40
C: 7 16 18 21 38 45
D: 3 17 18 33 37 40
E: 7 16 21 27 37 44
------------------------------
🌌 "우주는 지금 당신에게 속삭입니다… 이번 주야…"
27번째 추천 번호에요~❤️❤️
[직전회차 1177회]
------------------------------
A: 7 13 28 31 34 40
B: 13 19 34 37 40 44
C: 12 13 24 34 38 40
D: 7 13 19 33 34 40
E: 13 14 27 34 37 40
------------------------------
A: 7 7 21 31 38 42
B: 3 18 27 29 34 44
C: 7 18 19 31 34 42
D: 3 17 21 33 38 40
E: 11 18 21 26 44 45
------------------------------
A: 7 7 27 28 33 44
B: 3 12 26 29 36 40
C: 7 18 26 27 33 37
D: 3 18 27 33 37 40
E: 5 14 18 29 42 44
------------------------------
🎉 "이번 주는 당신의 차례입니다! 대박을 기원합니다!"
28번째 추천 번호에요~❤️❤️
[직전회차 1177회]
------------------------------
A: 7 12 13 18 34 44
B: 3 13 14 33 37 40
C: 7 12 13 18 20 33
D: 12 13 14 17 18 45
E: 7 12 13 17 18 34
------------------------------
A: 7 7 28 31 33 40
B: 3 17 26 31 38 40
C: 7 14 19 33 34 40
D: 3 18 19 26 37 45
E: 7 17 21 37 38 40
------------------------------
A: 7 7 27 31 38 44
B: 3 16 17 31 37 44
C: 7 12 18 31 33 44
D: 3 7 27 33 34 42
E: 1 13 27 29 38 42
------------------------------
💫 "소름 돋는 예감, 이번엔 진짜다!"
29번째 추천 번호에요~❤️❤️
[직전회차 1177회]
------------------------------
A: 12 18 30 34 35 43
B: 12 17 18 34 38 44
C: 3 7 12 18 34 43
D: 12 18 19 33 34 43
E: 8 12 14 18 34 45
------------------------------
A: 7 7 20 31 37 44
B: 3 14 18 31 40 42
C: 7 14 26 29 31 42
D: 12 17 21 27 38 45
E: 7 11 28 29 40 43
------------------------------
A: 7 7 24 29 40 42
B: 3 17 24 27 40 42
C: 7 18 21 33 38 45
D: 8 11 27 29 34 45
E: 11 14 25 26 34 44
------------------------------
🎯 "인생 역전, 오늘이 그 날입니다!"
30번째 추천 번호에요~❤️❤️
[직전회차 1177회]
------------------------------
A: 3 13 14 21 27 44
B: 3 13 14 21 27 44
C: 13 14 18 27 35 45
D: 13 14 27 30 35 43
E: 7 13 14 17 27 34
------------------------------
A: 7 7 29 31 36 40
B: 3 14 24 28 37 39
C: 7 11 26 27 37 45
D: 7 13 16 37 38 40
E: 8 14 28 29 34 37
------------------------------
A: 3 7 28 33 34 40
B: 3 19 24 34 38 40
C: 7 12 24 37 38 45
D: 7 12 18 31 40 44
E: 7 12 27 28 35 37
------------------------------
💸 "지금 이 번호… 뭔가 다릅니다. 대박의 예감!"
31번째 추천 번호에요~❤️❤️
[직전회차 1177회]
------------------------------
A: 14 27 33 40 42 45
B: 12 14 38 40 43 45
C: 7 14 18 34 40 45
D: 7 14 34 40 44 45
E: 7 14 27 34 40 45
------------------------------
A: 7 7 28 31 37 45
B: 3 16 17 31 38 40
C: 7 12 18 38 40 43
D: 11 14 21 27 36 44
E: 12 16 21 31 37 45
------------------------------
A: 7 7 29 30 38 44
B: 3 11 27 31 34 44
C: 7 13 24 26 31 45
D: 1 18 19 31 37 40
E: 10 12 24 27 37 38
------------------------------
🍀 "복권의 신이 미소 지었습니다. 바로 당신에게!"
32번째 추천 번호에요~❤️❤️
[직전회차 1177회]
------------------------------
A: 12 14 21 27 40 45
B: 7 14 20 27 37 45
C: 13 14 18 27 37 40
D: 12 14 27 28 37 45
E: 14 16 21 27 37 45
------------------------------
A: 7 7 28 29 38 44
B: 3 17 21 27 37 44
C: 7 14 20 31 34 44
D: 11 18 27 31 37 40
E: 7 14 19 31 40 43
------------------------------
A: 7 7 26 28 37 45
B: 3 18 19 31 36 40
C: 7 12 28 29 33 44
D: 7 17 19 33 38 42
E: 3 14 27 33 38 40
------------------------------
🙌 "이 번호, 그냥 좋다… 느낌이 온다!"
33번째 추천 번호에요~❤️❤️
[직전회차 1177회]
------------------------------
A: 17 18 27 33 42 45
B: 13 18 27 33 42 45
C: 18 21 33 35 39 45
D: 7 14 18 33 37 45
E: 12 18 21 33 44 45
------------------------------
A: 7 7 24 31 37 40
B: 3 16 27 34 37 45
C: 7 16 21 27 37 45
D: 4 14 28 29 34 45
E: 4 17 27 31 34 45
------------------------------
A: 7 7 24 28 35 44
B: 3 12 19 33 38 40
C: 7 14 26 27 31 40
D: 7 14 16 33 37 40
E: 12 17 26 27 33 40
------------------------------
🌈 "무지개 끝에 황금이 있다면, 당신의 손에 로또가 있습니다!"
34번째 추천 번호에요~❤️❤️
[직전회차 1177회]
------------------------------
A: 17 27 33 37 42 45
B: 9 27 30 33 37 40
C: 7 27 33 36 37 45
D: 7 27 33 34 37 45
E: 7 16 27 33 37 40
------------------------------
A: 7 7 26 33 38 40
B: 3 14 27 34 38 40
C: 7 19 26 34 37 42
D: 7 11 19 31 38 40
E: 12 13 21 28 37 43
------------------------------
A: 7 7 18 33 38 42
B: 3 16 21 27 37 44
C: 5 7 26 27 36 44
D: 13 19 21 26 36 40
E: 11 18 21 34 39 40
------------------------------
🧧 "이번 주, 복(福)은 당신의 차지입니다!"
35번째 추천 번호에요~❤️❤️
[직전회차 1177회]
------------------------------
A: 3 14 20 27 40 45
B: 12 14 18 21 40 45
C: 14 26 27 40 43 44
D: 12 14 27 36 40 45
E: 7 14 18 27 40 42
------------------------------
A: 6 7 27 31 38 40
B: 3 14 27 31 38 40
C: 7 11 19 33 38 44
D: 3 14 19 26 40 44
E: 7 18 27 34 38 40
------------------------------
A: 7 24 26 37 38 45
B: 3 11 26 33 39 40
C: 7 14 19 36 42 44
D: 12 16 21 31 33 45
E: 13 15 24 27 34 39
------------------------------
💫 "소름 돋는 예감, 이번엔 진짜다!"
36번째 추천 번호에요~❤️❤️
[직전회차 1177회]
------------------------------
A: 12 18 27 37 40 43
B: 7 27 30 35 37 40
C: 13 27 30 33 37 40
D: 7 20 27 37 40 43
E: 24 27 34 37 40 45
------------------------------
A: 7 24 27 32 38 44
B: 3 11 27 28 38 40
C: 7 11 24 30 33 44
D: 3 17 21 33 40 42
E: 4 21 24 31 33 45
------------------------------
A: 7 26 27 33 34 45
B: 3 18 21 37 38 40
C: 7 17 18 34 40 44
D: 13 14 27 30 38 43
E: 12 14 26 27 33 43
------------------------------
💫 "소름 돋는 예감, 이번엔 진짜다!"
37번째 추천 번호에요~❤️❤️
[직전회차 1177회]
------------------------------
A: 3 27 30 33 38 45
B: 3 17 27 33 42 45
C: 7 27 33 35 44 45
D: 7 27 33 35 38 45
E: 13 20 27 33 43 45
------------------------------
A: 7 21 27 33 38 40
B: 3 26 27 31 37 40
C: 7 11 18 30 38 43
D: 13 17 26 31 34 42
E: 3 12 28 31 33 40
------------------------------
A: 7 8 26 28 33 45
B: 3 16 27 33 38 40
C: 7 16 21 37 38 40
D: 11 13 28 29 34 40
E: 11 12 24 29 37 39
------------------------------
🤑 "다음 주 당첨자 인터뷰, 바로 당신입니다!"
38번째 추천 번호에요~❤️❤️
[직전회차 1177회]
------------------------------
A: 14 27 30 32 42 45
B: 14 17 20 27 44 45
C: 7 14 21 27 44 45
D: 14 21 27 35 44 45
E: 3 14 17 27 44 45
------------------------------
A: 6 7 26 27 38 44
B: 3 16 27 33 35 44
C: 7 13 26 27 38 40
D: 14 16 21 31 37 40
E: 12 14 21 33 37 40
------------------------------
A: 7 28 29 35 44 45
B: 3 16 27 34 39 45
C: 7 11 19 36 38 45
D: 12 14 27 28 31 45
E: 7 18 19 31 37 40
------------------------------
🚀 "꿈은 이뤄진다! 이번엔 현실로!"
39번째 추천 번호에요~❤️❤️
[직전회차 1177회]
------------------------------
A: 13 27 32 37 42 45
B: 7 13 21 37 44 45
C: 13 21 37 40 43 45
D: 3 13 17 37 38 45
E: 12 13 14 37 44 45
------------------------------
A: 7 19 24 27 38 42
B: 3 17 18 34 36 40
C: 7 11 24 36 37 40
D: 8 11 26 27 33 43
E: 11 18 27 29 34 40
------------------------------
A: 7 10 21 27 38 45
B: 3 13 29 37 38 40
C: 7 13 17 34 37 45
D: 8 16 18 33 37 40
E: 7 11 28 30 37 43
------------------------------
🍀 "복권의 신이 미소 지었습니다. 바로 당신에게!"
40번째 추천 번호에요~❤️❤️
[직전회차 1177회]
------------------------------
A: 26 27 33 34 42 45
B: 18 27 33 34 35 45
C: 21 27 33 34 44 45
D: 13 26 27 33 34 38
E: 7 18 27 33 34 37
------------------------------
A: 7 21 29 38 44 45
B: 3 16 24 31 33 45
C: 7 14 19 33 36 44
D: 7 14 19 33 34 45
E: 7 19 21 26 34 40
------------------------------
A: 7 21 36 37 38 40
B: 3 18 21 27 39 40
C: 7 16 26 29 33 40
D: 5 12 26 28 37 38
E: 8 11 24 31 37 45
------------------------------
🎉 "이번 주는 당신의 차례입니다! 대박을 기원합니다!"
41번째 추천 번호에요~❤️❤️
[직전회차 1177회]
------------------------------
A: 18 20 27 37 43 45
B: 7 13 18 36 37 45
C: 13 18 20 37 40 45
D: 3 18 27 34 37 45
E: 14 18 21 37 44 45
------------------------------
A: 7 26 27 32 38 42
B: 3 17 27 33 38 42
C: 7 18 20 29 34 37
D: 12 16 21 37 38 40
E: 11 14 25 27 37 44
------------------------------
A: 7 24 28 29 35 42
B: 3 17 26 28 34 39
C: 7 16 27 29 35 38
D: 3 11 27 31 38 40
E: 3 17 19 31 40 44
------------------------------
🍀 "복권의 신이 미소 지었습니다. 바로 당신에게!"
42번째 추천 번호에요~❤️❤️
[직전회차 1177회]
------------------------------
A: 14 18 27 32 33 42
B: 14 17 18 33 43 44
C: 7 14 18 33 35 38
D: 14 18 20 33 38 40
E: 12 14 18 33 40 43
------------------------------
A: 7 27 28 38 44 45
B: 3 16 19 37 39 40
C: 7 16 17 31 37 40
D: 7 12 21 28 38 40
E: 11 13 27 34 37 42
------------------------------
A: 7 27 28 33 40 45
B: 3 16 28 33 37 40
C: 7 17 18 31 37 40
D: 3 17 19 37 38 42
E: 11 18 21 29 31 40
------------------------------
🌟 "행운은 준비된 자의 것! 준비되셨죠?"
43번째 추천 번호에요~❤️❤️
[직전회차 1177회]
------------------------------
A: 14 21 27 33 38 45
B: 12 14 21 27 44 45
C: 3 14 27 40 43 45
D: 11 13 14 27 34 45
E: 3 14 18 27 40 45
------------------------------
A: 7 24 26 38 43 45
B: 3 17 18 36 38 42
C: 7 16 18 33 38 45
D: 5 14 27 28 34 42
E: 7 16 21 31 37 40
------------------------------
A: 7 26 27 34 36 42
B: 3 17 18 33 38 40
C: 7 18 27 29 34 44
D: 3 14 28 33 34 42
E: 7 18 19 29 38 44
------------------------------
🧿 "당첨을 막는 모든 불운을 차단했습니다. 가즈아~!"
44번째 추천 번호에요~❤️❤️
[직전회차 1177회]
------------------------------
A: 12 27 34 36 37 45
B: 12 21 34 35 38 45
C: 12 21 34 38 43 45
D: 3 12 34 40 43 45
E: 12 14 28 33 34 45
------------------------------
A: 3 7 24 27 38 42
B: 3 16 18 33 38 45
C: 5 7 24 28 37 44
D: 7 18 20 34 37 44
E: 8 12 24 26 33 43
------------------------------
A: 7 13 26 31 38 40
B: 3 14 18 33 35 42
C: 7 11 27 30 38 44
D: 7 13 28 36 37 40
E: 8 14 19 29 37 40
------------------------------
🚀 "꿈은 이뤄진다! 이번엔 현실로!"
45번째 추천 번호에요~❤️❤️
[직전회차 1177회]
------------------------------
A: 12 18 21 37 42 45
B: 18 27 37 40 43 45
C: 7 18 21 37 38 45
D: 13 18 27 36 37 45
E: 16 18 30 36 37 45
------------------------------
A: 7 21 27 33 38 40
B: 3 14 27 28 37 40
C: 7 11 21 33 42 43
D: 1 17 27 31 34 40
E: 7 16 27 28 38 40
------------------------------
A: 2 7 18 36 37 40
B: 3 16 17 31 37 42
C: 7 16 19 21 37 45
D: 4 13 26 29 34 44
E: 14 16 21 24 31 40
------------------------------
💸 "지금 이 번호… 뭔가 다릅니다. 대박의 예감!"
46번째 추천 번호에요~❤️❤️
[직전회차 1177회]
------------------------------
A: 3 14 18 27 33 42
B: 3 14 18 21 33 42
C: 7 14 18 30 33 35
D: 7 14 18 21 33 34
E: 13 14 18 33 34 43
------------------------------
A: 7 19 33 36 38 44
B: 3 16 26 27 38 40
C: 7 8 29 31 37 45
D: 7 12 21 37 38 40
E: 3 16 27 31 34 40
------------------------------
A: 7 16 29 33 38 40
B: 3 14 18 31 37 44
C: 7 13 16 26 38 45
D: 3 17 21 27 38 40
E: 2 19 24 31 33 45
------------------------------
🤑 "다음 주 당첨자 인터뷰, 바로 당신입니다!"
47번째 추천 번호에요~❤️❤️
[직전회차 1177회]
------------------------------
A: 3 27 32 33 37 45
B: 21 33 35 37 38 45
C: 7 17 33 37 39 45
D: 7 21 33 37 44 45
E: 14 19 33 36 37 45
------------------------------
A: 7 20 26 31 36 44
B: 3 16 28 31 33 40
C: 7 14 24 29 43 45
D: 13 14 20 24 37 44
E: 11 14 26 27 37 39
------------------------------
A: 7 29 31 33 38 40
B: 3 16 27 31 34 42
C: 7 12 26 29 33 44
D: 7 14 18 31 33 42
E: 11 13 26 27 34 37
------------------------------
🌌 "우주는 지금 당신에게 속삭입니다… 이번 주야…"
48번째 추천 번호에요~❤️❤️
[직전회차 1177회]
------------------------------
A: 7 21 33 40 44 45
B: 11 24 30 33 40 45
C: 12 33 36 40 43 45
D: 7 21 33 38 40 45
E: 7 8 33 37 40 45
------------------------------
A: 4 7 29 30 33 44
B: 3 14 18 33 38 40
C: 7 11 21 37 38 40
D: 7 12 21 31 38 44
E: 11 12 24 27 36 44
------------------------------
A: 7 8 26 27 36 44
B: 3 16 18 33 37 44
C: 7 21 27 31 34 42
D: 14 15 24 28 34 37
E: 3 18 19 33 38 44
------------------------------
🤑 "다음 주 당첨자 인터뷰, 바로 당신입니다!"
49번째 추천 번호에요~❤️❤️
[직전회차 1177회]
------------------------------
A: 12 14 21 27 34 37
B: 12 21 34 35 37 45
C: 12 26 30 34 37 38
D: 7 12 34 36 37 43
E: 3 12 14 27 34 37
------------------------------
A: 7 12 21 33 38 40
B: 3 16 28 33 39 40
C: 7 16 19 31 38 40
D: 4 14 27 29 33 40
E: 3 14 26 27 40 42
------------------------------
A: 1 7 26 29 38 44
B: 3 17 18 34 38 45
C: 7 11 17 31 40 42
D: 7 17 18 27 38 40
E: 3 14 27 29 33 42
------------------------------
🤑 "다음 주 당첨자 인터뷰, 바로 당신입니다!"
50번째 추천 번호에요~❤️❤️
[직전회차 1177회]
------------------------------
A: 12 13 20 34 35 40
B: 13 18 30 34 40 45
C: 7 13 34 40 43 44
D: 7 13 21 33 34 40
E: 13 14 20 27 34 40
------------------------------
A: 3 7 29 31 34 42
B: 3 14 24 29 31 45
C: 7 11 19 33 40 42
D: 8 13 27 28 31 44
E: 7 13 18 26 40 42
------------------------------
A: 4 7 27 29 36 44
B: 3 14 27 28 37 44
C: 7 14 27 29 33 42
D: 10 11 27 29 34 43
E: 12 15 27 29 37 38
------------------------------
🎯 "인생 역전, 오늘이 그 날입니다!"
51번째 추천 번호에요~❤️❤️
[직전회차 1177회]
------------------------------
A: 3 12 18 33 37 45
B: 7 12 18 30 37 44
C: 7 12 18 37 44 45
D: 12 18 27 34 37 43
E: 7 12 13 18 37 38
------------------------------
A: 1 7 21 29 38 45
B: 3 14 18 27 39 44
C: 7 13 18 34 38 45
D: 3 17 28 37 39 40
E: 7 13 29 34 38 40
------------------------------
A: 7 8 26 31 38 40
B: 3 18 20 27 38 39
C: 7 18 27 34 37 42
D: 3 16 19 33 34 45
E: 7 11 28 34 37 45
------------------------------
🧿 "당첨을 막는 모든 불운을 차단했습니다. 가즈아~!"
52번째 추천 번호에요~❤️❤️
[직전회차 1178회]
------------------------------
A: 7 12 18 27 37 40
B: 21 27 34 37 40 43
C: 5 27 30 37 40 43
D: 17 27 37 38 40 43
E: 12 14 21 27 37 40
------------------------------
A: 5 14 26 28 33 44
B: 6 13 19 31 34 43
C: 11 15 24 27 34 44
D: 3 14 21 27 40 44
E: 7 17 21 33 34 40
------------------------------
A: 6 13 19 31 34 45
B: 4 14 26 27 31 45
C: 6 14 21 34 37 43
D: 7 17 18 33 38 45
E: 12 13 27 29 37 40
------------------------------
🎁 "선물 같은 번호, 선물 같은 당첨을 기원합니다!"
53번째 추천 번호에요~❤️❤️
[직전회차 1178회]
------------------------------
A: 7 14 20 33 34 40
B: 12 21 33 34 40 45
C: 17 27 33 34 40 44
D: 14 33 34 38 40 43
E: 7 18 21 33 34 40
------------------------------
A: 10 12 26 27 38 43
B: 12 14 26 27 37 43
C: 5 13 27 29 38 44
D: 11 14 27 29 33 40
E: 1 18 27 31 38 40
------------------------------
A: 4 17 21 37 38 40
B: 11 17 28 31 38 40
C: 7 12 18 27 40 44
D: 7 14 27 33 38 40
E: 3 17 28 31 38 40
------------------------------
🍀 "복권의 신이 미소 지었습니다. 바로 당신에게!"
54번째 추천 번호에요~❤️❤️
[직전회차 1178회]
------------------------------
A: 7 12 14 34 43 45
B: 12 14 27 34 39 44
C: 12 14 27 34 38 43
D: 12 14 27 31 34 39
E: 3 12 14 26 34 45
------------------------------
A: 3 14 27 31 33 40
B: 14 16 24 31 37 40
C: 7 11 26 33 34 45
D: 6 13 27 29 34 45
E: 3 18 26 31 33 45
------------------------------
A: 12 14 21 31 37 40
B: 7 17 18 26 38 45
C: 4 14 17 30 37 43
D: 8 17 18 31 34 45
E: 8 14 27 29 36 39
------------------------------
🍀 "복권의 신이 미소 지었습니다. 바로 당신에게!"
55번째 추천 번호에요~❤️❤️
[직전회차 1178회]
------------------------------
A: 12 14 18 20 21 27
B: 7 14 18 27 35 40
C: 13 14 18 27 33 37
D: 14 18 27 30 43 44
E: 14 18 24 27 43 44
------------------------------
A: 8 15 18 29 37 39
B: 11 14 21 26 37 43
C: 3 18 20 27 33 44
D: 7 14 18 26 42 45
E: 8 14 27 28 31 43
------------------------------
A: 13 14 24 27 31 39
B: 6 14 27 37 38 43
C: 11 13 21 26 36 40
D: 3 11 18 34 39 40
E: 11 13 26 27 34 38
------------------------------
🙌 "이 번호, 그냥 좋다… 느낌이 온다!"
56번째 추천 번호에요~❤️❤️
[직전회차 1178회]
------------------------------
A: 7 14 18 21 27 37
B: 7 14 18 21 27 40
C: 7 14 18 27 38 43
D: 13 14 18 27 43 44
E: 3 12 14 18 27 44
------------------------------
A: 11 18 21 26 34 40
B: 6 14 18 31 34 43
C: 7 13 21 36 37 40
D: 4 13 19 29 37 44
E: 11 13 26 29 38 45
------------------------------
A: 11 13 24 34 37 45
B: 7 11 24 34 36 45
C: 5 14 26 29 33 38
D: 3 21 29 33 38 40
E: 7 17 21 28 33 44
------------------------------
✨ "당신의 손끝이 기적을 만들었습니다. 당첨을 응원합니다!"
57번째 추천 번호에요~❤️❤️
[직전회차 1178회]
------------------------------
A: 7 12 13 14 21 44
B: 12 13 14 30 35 37
C: 3 12 13 14 40 45
D: 7 12 13 14 20 44
E: 12 13 14 27 43 44
------------------------------
A: 7 11 24 33 38 40
B: 6 13 24 27 37 45
C: 6 16 17 34 37 45
D: 7 14 27 28 31 45
E: 8 15 26 27 37 39
------------------------------
A: 4 19 26 31 37 45
B: 3 14 27 33 37 44
C: 3 13 17 37 38 40
D: 8 14 18 29 37 39
E: 7 17 19 34 38 45
------------------------------
🌌 "우주는 지금 당신에게 속삭입니다… 이번 주야…"
58번째 추천 번호에요~❤️❤️
[직전회차 1179회]
------------------------------
A: 3 18 27 33 44 45
B: 14 27 33 40 44 45
C: 14 27 33 35 44 45
D: 14 27 33 34 40 45
E: 3 14 21 27 33 45
------------------------------
A: 3 10 27 31 33 42
B: 13 16 20 27 37 38
C: 7 14 24 26 31 43
D: 7 12 26 27 38 40
E: 13 14 21 29 40 43
------------------------------
A: 3 17 27 28 34 37
B: 4 17 18 34 37 45
C: 11 14 21 33 34 45
D: 7 14 29 30 38 44
E: 6 7 24 29 37 43
------------------------------
🔥 "오늘 찍은 번호, 불타는 운명을 안고 있습니다!"
59번째 추천 번호에요~❤️❤️
[직전회차 1179회]
------------------------------
A: 13 21 34 40 44 45
B: 13 14 18 20 34 40
C: 12 13 17 34 40 44
D: 13 26 27 34 40 45
E: 3 13 33 34 40 42
------------------------------
A: 3 18 21 27 38 40
B: 8 14 28 29 37 44
C: 7 12 24 28 37 43
D: 8 14 27 31 33 45
E: 14 15 21 29 33 38
------------------------------
A: 3 14 17 33 38 42
B: 11 14 21 34 36 44
C: 10 13 27 28 37 43
D: 7 10 26 27 37 44
E: 7 14 18 38 40 43
------------------------------
🧧 "이번 주, 복(福)은 당신의 차지입니다!"
60번째 추천 번호에요~❤️❤️
[직전회차 1180회]
------------------------------
A: 14 18 27 33 40 45
B: 7 12 14 21 40 45
C: 3 12 14 18 40 45
D: 12 14 20 21 40 45
E: 12 14 37 39 40 45
------------------------------
A: 3 12 27 33 38 40
B: 14 19 20 28 34 43
C: 8 14 24 29 33 45
D: 3 14 19 33 34 44
E: 4 12 24 29 38 45
------------------------------
A: 7 12 27 28 31 45
B: 7 14 24 33 34 40
C: 6 11 27 34 38 44
D: 12 14 26 29 36 45
E: 12 14 25 28 37 44
------------------------------
🌌 "우주는 지금 당신에게 속삭입니다… 이번 주야…"
61번째 추천 번호에요~❤️❤️
[직전회차 1180회]
------------------------------
A: 13 14 18 27 33 45
B: 13 14 18 27 33 44
C: 7 13 18 33 40 44
D: 13 18 30 33 40 44
E: 12 13 18 27 33 45
------------------------------
A: 12 17 21 27 37 38
B: 7 16 26 27 33 37
C: 8 14 26 27 31 39
D: 7 15 17 28 37 44
E: 3 16 26 33 37 42
------------------------------
A: 12 16 21 27 37 40
B: 3 18 19 33 38 45
C: 6 14 18 37 38 43
D: 3 18 20 29 37 38
E: 2 11 26 28 33 45
------------------------------
🚀 "꿈은 이뤄진다! 이번엔 현실로!"
62번째 추천 번호에요~❤️❤️
[직전회차 1181회]
------------------------------
A: 3 13 14 18 40 44
B: 3 13 14 18 20 40
C: 12 13 14 18 27 40
D: 13 14 18 30 40 41
E: 13 14 18 21 41 44
------------------------------
A: 7 16 18 37 38 42
B: 5 14 27 28 34 44
C: 7 18 19 34 38 40
D: 6 17 18 31 37 45
E: 5 12 27 28 31 43
------------------------------
A: 3 14 27 34 37 45
B: 7 13 24 27 43 44
C: 7 11 18 26 40 43
D: 10 12 21 27 37 38
E: 6 13 27 28 34 39
------------------------------
💫 "소름 돋는 예감, 이번엔 진짜다!"
63번째 추천 번호에요~❤️❤️
[직전회차 1183회]
------------------------------
A: 12 18 27 34 40 41
B: 14 17 20 27 34 45
C: 13 18 27 34 37 41
D: 18 23 27 34 39 40
E: 14 18 27 34 36 40
------------------------------
A: 11 13 24 27 37 38
B: 3 18 26 27 38 40
C: 7 18 19 38 40 43
D: 14 17 27 28 33 40
E: 12 14 24 29 38 39
------------------------------
A: 11 12 24 29 38 40
B: 3 16 24 33 38 45
C: 7 11 19 36 37 42
D: 12 14 24 29 35 43
E: 7 17 18 33 37 40
------------------------------
🤑 "다음 주 당첨자 인터뷰, 바로 당신입니다!"
64번째 추천 번호에요~❤️❤️
[직전회차 1184회]
------------------------------
A: 12 14 20 21 37 45
B: 12 13 14 27 33 45
C: 12 14 27 33 36 45
D: 12 14 27 36 39 45
E: 12 14 17 27 33 37
------------------------------
A: 13 14 24 27 34 36
B: 7 12 19 37 38 40
C: 8 16 21 27 43 45
D: 8 14 27 29 33 42
E: 6 14 24 25 37 43
------------------------------
A: 8 15 26 27 37 42
B: 6 13 16 37 38 43
C: 7 11 21 37 40 42
D: 3 10 27 29 34 42
E: 7 18 21 27 34 44
------------------------------
🌌 "우주는 지금 당신에게 속삭입니다… 이번 주야…"
65번째 추천 번호에요~❤️❤️
[직전회차 1185회]
------------------------------
A: 12 13 27 33 36 40
B: 12 13 14 27 33 37
C: 3 12 13 14 33 45
D: 12 13 29 33 44 45
E: 12 13 14 29 33 37
------------------------------
A: 4 11 27 28 40 44
B: 7 17 26 33 34 40
C: 7 18 19 34 42 45
D: 3 16 21 33 39 40
E: 7 18 21 33 38 40
------------------------------
A: 7 19 21 34 40 44
B: 8 16 17 31 33 45
C: 7 10 27 28 37 44
D: 6 17 18 34 38 45
E: 7 12 24 28 37 38
------------------------------
🧧 "이번 주, 복(福)은 당신의 차지입니다!"
66번째 추천 번호에요~❤️❤️
[직전회차 1186회]
------------------------------
A: 3 13 14 37 38 45
B: 3 13 14 37 43 45
C: 13 28 29 32 37 45
D: 13 18 24 29 37 45
E: 13 14 25 33 37 45
------------------------------
A: 7 13 17 37 38 40
B: 12 14 26 29 38 45
C: 11 14 21 27 40 44
D: 12 13 24 28 43 45
E: 6 16 18 29 33 45
------------------------------
A: 13 14 26 29 37 42
B: 6 17 19 37 38 45
C: 7 12 21 27 38 45
D: 7 14 16 27 37 45
E: 3 13 25 27 38 44
------------------------------
🌟 "행운은 준비된 자의 것! 준비되셨죠?"
67번째 추천 번호에요~❤️❤️
[직전회차 1187회]
------------------------------
A: 3 27 32 33 40 43
B: 27 29 32 33 40 44
C: 3 7 27 33 37 40
D: 13 20 27 33 37 40
E: 13 27 29 33 40 44
------------------------------
A: 12 13 26 29 38 43
B: 3 14 21 33 38 40
C: 7 17 18 31 36 40
D: 3 14 27 37 38 40
E: 13 14 26 29 34 44
------------------------------
A: 3 13 24 28 37 44
B: 3 18 19 33 35 44
C: 6 18 19 33 43 45
D: 6 14 26 29 35 37
E: 7 12 24 26 43 44
------------------------------
🤑 "다음 주 당첨자 인터뷰, 바로 당신입니다!"
68번째 추천 번호에요~❤️❤️
[직전회차 1188회]
------------------------------
A: 12 18 28 33 40 43
B: 12 13 18 21 33 37
C: 12 18 29 33 37 40
D: 12 18 19 33 43 44
E: 7 12 14 18 33 37
------------------------------
A: 3 12 26 27 37 45
B: 3 17 26 34 38 40
C: 3 12 28 29 37 40
D: 7 12 16 28 38 45
E: 7 13 26 28 44 45
------------------------------
A: 3 12 26 27 38 45
B: 3 12 24 27 38 45
C: 8 12 26 27 37 39
D: 8 12 21 24 37 44
E: 8 11 18 33 34 45
------------------------------
🤑 "다음 주 당첨자 인터뷰, 바로 당신입니다!"
69번째 추천 번호에요~❤️❤️
[직전회차 1189회]
------------------------------
A: 13 14 27 29 37 40
B: 13 14 18 27 37 40
C: 12 14 18 27 34 40
D: 12 13 14 27 38 40
E: 14 19 27 35 38 40
------------------------------
A: 11 18 21 27 37 38
B: 6 13 19 34 37 45
C: 12 13 21 27 38 45
D: 11 18 24 33 38 40
E: 11 13 21 26 40 44
------------------------------
A: 7 13 26 27 34 44
B: 7 16 17 35 37 42
C: 3 12 27 28 31 44
D: 13 14 24 26 34 45
E: 8 14 21 37 40 42
------------------------------
💫 "소름 돋는 예감, 이번엔 진짜다!"
70번째 추천 번호에요~❤️❤️
[직전회차 1190회]
------------------------------
A: 12 27 28 33 43 45
B: 13 27 33 38 43 45
C: 12 19 27 33 37 45
D: 7 19 27 33 40 45
E: 14 27 30 33 38 45
------------------------------
A: 7 13 18 37 38 42
B: 4 12 18 29 39 43
C: 8 12 25 28 33 43
D: 2 17 21 33 38 40
E: 11 13 21 28 37 38
------------------------------
A: 7 18 19 29 37 40
B: 3 13 26 37 38 40
C: 6 14 17 34 38 45
D: 3 16 18 27 37 44
E: 8 13 28 29 37 40
------------------------------
🎁 "선물 같은 번호, 선물 같은 당첨을 기원합니다!"
71번째 추천 번호에요~❤️❤️
[직전회차 1191회]
------------------------------
A: 13 14 19 27 37 40
B: 13 14 19 27 37 40
C: 7 13 27 37 40 45
D: 7 13 27 35 40 45
E: 12 13 20 27 40 45
------------------------------
A: 1 12 29 33 38 40
B: 1 12 27 29 35 44
C: 8 12 26 28 37 43
D: 7 13 16 28 37 45
E: 4 14 18 30 37 43
------------------------------
A: 1 12 27 29 38 39
B: 1 13 26 28 37 40
C: 4 12 24 29 39 40
D: 7 12 26 37 38 45
E: 7 14 24 27 36 40
------------------------------
🎯 "인생 역전, 오늘이 그 날입니다!"
72번째 추천 번호에요~❤️❤️
[직전회차 1192회]
------------------------------
A: 7 14 20 27 43 45
B: 7 14 19 27 43 45
C: 12 14 17 20 27 45
D: 7 12 14 20 27 45
E: 13 14 27 39 40 45
------------------------------
A: 5 12 28 29 33 39
B: 7 14 27 29 43 44
C: 14 18 24 29 37 39
D: 2 19 21 24 37 45
E: 3 16 27 37 39 40
------------------------------
A: 11 14 20 29 37 38
B: 13 16 21 27 38 45
C: 12 17 21 24 33 45
D: 14 17 21 33 34 40
E: 6 16 18 34 37 45
------------------------------
🧿 "당첨을 막는 모든 불운을 차단했습니다. 가즈아~!"
73번째 추천 번호에요~❤️❤️
[직전회차 1193회]
------------------------------
A: 12 14 18 20 33 45
B: 12 18 20 27 37 45
C: 14 18 30 33 39 40
D: 7 12 14 18 33 37
E: 14 18 30 33 43 45
------------------------------
A: 6 16 27 34 37 45
B: 12 13 21 24 37 39
C: 4 14 17 28 37 45
D: 3 15 26 27 37 44
E: 3 17 19 34 39 40
------------------------------
A: 4 11 27 29 34 45
B: 11 12 21 33 37 40
C: 10 14 26 28 33 43
D: 7 8 24 27 40 44
E: 8 11 27 28 34 45
------------------------------
🤑 "다음 주 당첨자 인터뷰, 바로 당신입니다!"
74번째 추천 번호에요~❤️❤️
[직전회차 1194회]
------------------------------
A: 12 13 21 27 39 40
B: 12 13 21 24 33 40
C: 12 13 28 33 34 40
D: 3 12 13 33 38 40
E: 7 12 13 17 33 40
------------------------------
A: 3 13 24 29 38 45
B: 3 21 27 31 40 42
C: 7 13 26 28 40 43
D: 7 8 27 29 37 40
E: 7 12 21 29 36 40
------------------------------
A: 3 13 27 29 36 40
B: 3 12 26 29 37 38
C: 8 13 24 27 36 43
D: 8 14 21 29 33 43
E: 13 19 20 29 34 37
------------------------------
💫 "소름 돋는 예감, 이번엔 진짜다!"
75번째 추천 번호에요~❤️❤️
[직전회차 1195회]
------------------------------
A: 12 13 14 33 40 45
B: 12 13 28 30 40 43
C: 12 13 29 33 37 40
D: 12 13 28 33 39 40
E: 7 12 13 27 33 40
------------------------------
A: 3 15 24 27 34 44
B: 3 16 26 37 38 45
C: 3 17 21 37 38 40
D: 14 15 24 26 34 37
E: 3 18 19 29 38 40
------------------------------
A: 3 12 26 27 37 40
B: 5 14 28 29 37 43
C: 7 15 27 28 37 42
D: 8 14 25 27 34 37
E: 1 14 28 31 33 40
------------------------------
💫 "소름 돋는 예감, 이번엔 진짜다!"
76번째 추천 번호에요~❤️❤️
[직전회차 1196회]
------------------------------
A: 13 14 18 27 38 40
B: 13 14 17 27 34 40
C: 12 13 14 27 37 45
D: 13 14 27 29 34 45
E: 12 13 14 27 37 44
------------------------------
A: 12 14 24 29 37 40
B: 7 11 27 28 37 42
C: 3 16 24 33 38 40
D: 7 14 18 37 38 40
E: 7 14 19 31 37 40
------------------------------
A: 5 12 26 27 39 43
B: 7 12 26 27 38 45
C: 7 17 24 33 34 40
D: 7 14 24 27 36 38
E: 14 16 27 28 33 37
------------------------------
🎁 "선물 같은 번호, 선물 같은 당첨을 기원합니다!"
77번째 추천 번호에요~❤️❤️
[직전회차 1197회]
------------------------------
A: 13 18 19 37 40 45
B: 15 18 29 31 37 45
C: 18 27 37 39 43 45
D: 5 13 17 18 37 45
E: 7 18 27 37 44 45
------------------------------
A: 13 18 19 37 40 45
B: 15 18 29 31 37 45
C: 18 27 37 39 43 45
D: 5 13 17 18 37 45
E: 7 18 27 37 44 45
------------------------------
A: 13 18 19 37 40 45
B: 15 18 29 31 37 45
C: 18 27 37 39 43 45
D: 5 13 17 18 37 45
E: 7 18 27 37 44 45
------------------------------
🌈 "무지개 끝에 황금이 있다면, 당신의 손에 로또가 있습니다!"
78번째 추천 번호에요~❤️❤️
[직전회차 1198회]
------------------------------
A: 12 18 27 39 40 45
B: 12 14 18 27 40 45
C: 7 18 27 28 43 45
D: 3 7 18 27 33 45
E: 18 27 30 39 43 45
------------------------------
A: 4 13 17 30 38 43
B: 4 14 27 28 40 43
C: 11 17 21 28 40 42
D: 7 10 18 27 42 43
E: 13 14 25 27 39 42
------------------------------
A: 4 14 29 33 38 40
B: 8 11 26 27 33 45
C: 7 12 24 33 37 45
D: 7 12 19 37 40 44
E: 3 12 25 29 37 44
------------------------------
🌈 "무지개 끝에 황금이 있다면, 당신의 손에 로또가 있습니다!"
79번째 추천 번호에요~❤️❤️
[직전회차 1199회]
------------------------------
A: 13 27 31 34 40 43
B: 14 18 27 34 40 43
C: 13 14 27 34 39 40
D: 3 7 27 34 39 40
E: 14 27 31 32 34 40
------------------------------
A: 7 13 26 29 34 45
B: 6 11 26 27 33 44
C: 3 18 24 26 38 45
D: 3 13 24 26 38 45
E: 7 18 27 29 37 40
------------------------------
A: 3 11 28 29 34 44
B: 7 16 18 26 37 42
C: 3 17 21 31 38 40
D: 7 13 18 27 40 42
E: 3 11 26 33 34 40
------------------------------
🧧 "이번 주, 복(福)은 당신의 차지입니다!"
80번째 추천 번호에요~❤️❤️
[직전회차 1200회]
------------------------------
A: 13 17 26 33 41 45
B: 12 13 33 39 41 45
C: 7 13 30 32 33 45
D: 13 30 33 37 38 45
E: 3 13 33 34 37 45
------------------------------
A: 1 14 26 33 37 40
B: 13 14 27 34 36 40
C: 7 14 27 28 33 45
D: 13 14 24 26 31 45
E: 3 18 27 33 34 44
------------------------------
A: 1 17 19 34 39 42
B: 13 14 26 29 38 43
C: 7 10 26 27 33 44
D: 7 15 18 27 37 44
E: 8 14 26 27 31 40
------------------------------
🕊️ "간절함은 통합니다. 간절히 바라면 이루어질 거예요."
81번째 추천 번호에요~❤️❤️
[직전회차 1201회]
------------------------------
A: 13 14 33 34 40 45
B: 13 27 33 38 40 45
C: 28 33 35 37 40 45
D: 13 27 33 40 43 45
E: 14 18 27 33 40 45
------------------------------
A: 7 14 28 29 35 38
B: 11 18 20 34 39 43
C: 7 14 25 26 38 42
D: 11 14 27 28 38 45
E: 4 12 26 29 33 44
------------------------------
A: 7 17 21 28 33 42
B: 7 16 19 33 38 45
C: 7 13 17 34 37 42
D: 7 11 27 28 34 44
E: 7 12 24 26 36 43
------------------------------
🍀 "행운의 바람이 불어오고 있어요. 1등 갑시다!"
82번째 추천 번호에요~❤️❤️
[직전회차 1202회]
------------------------------
A: 13 14 27 33 37 45
B: 12 13 33 35 36 45
C: 13 14 18 33 37 45
D: 12 13 33 37 43 45
E: 3 12 13 29 33 45
------------------------------
A: 12 13 25 29 31 38
B: 13 14 21 26 40 43
C: 3 17 26 34 37 42
D: 3 18 24 26 33 45
E: 7 14 19 28 38 40
------------------------------
A: 7 12 18 37 38 40
B: 3 18 27 34 38 40
C: 3 17 26 37 39 42
D: 11 14 27 33 34 43
E: 3 13 24 25 38 42
------------------------------
🍀 "복권의 신이 미소 지었습니다. 바로 당신에게!"
83번째 추천 번호에요~❤️❤️
[직전회차 1203회]
------------------------------
A: 14 27 33 36 37 45
B: 17 27 33 36 37 45
C: 13 27 33 37 40 45
D: 12 27 33 37 40 45
E: 13 18 27 33 39 45
------------------------------
A: 3 12 26 29 37 44
B: 13 18 27 30 31 44
C: 2 18 21 33 37 45
D: 5 18 24 27 34 38
E: 6 16 27 29 33 34
------------------------------
A: 3 14 18 26 39 45
B: 7 14 26 27 37 45
C: 8 13 19 29 44 45
D: 13 18 20 24 34 37
E: 7 12 19 33 36 40
------------------------------
🧧 "이번 주, 복(福)은 당신의 차지입니다!"
84번째 추천 번호에요~❤️❤️
[직전회차 1204회]
------------------------------
A: 12 14 18 20 37 40
B: 12 14 18 20 39 40
C: 12 14 18 26 35 45
D: 7 12 14 18 33 44
E: 11 12 14 18 21 40
------------------------------
A: 7 15 21 26 33 44
B: 3 14 27 29 38 44
C: 3 14 19 34 38 40
D: 4 11 26 29 33 45
E: 13 14 25 29 37 42
------------------------------
A: 7 17 21 36 37 40
B: 10 14 27 29 34 44
C: 7 14 17 38 40 44
D: 12 17 27 28 37 39
E: 6 16 18 37 38 45
------------------------------
🚀 "꿈은 이뤄진다! 이번엔 현실로!"
85번째 추천 번호에요~❤️❤️
[직전회차 1204회]
------------------------------
A: 12 13 14 34 40 45
B: 12 13 14 34 37 40
C: 3 13 14 33 34 39
D: 13 14 30 31 34 37
E: 7 12 13 14 16 34
------------------------------
A: 11 14 25 26 33 37
B: 12 18 21 26 33 37
C: 7 13 21 28 42 44
D: 4 14 17 34 39 40
E: 7 15 26 27 33 38
------------------------------
A: 3 16 24 33 34 45
B: 3 17 24 27 38 39
C: 3 17 19 34 38 45
D: 4 11 27 29 37 40
E: 1 14 28 29 40 42
------------------------------
🍀 "복권의 신이 미소 지었습니다. 바로 당신에게!"
86번째 추천 번호에요~❤️❤️
[직전회차 1204회]
------------------------------
A: 12 14 33 37 43 45
B: 13 14 20 33 37 40
C: 14 16 33 35 37 45
D: 14 29 33 34 35 37
E: 7 14 27 29 33 37
------------------------------
A: 13 14 21 27 40 43
B: 7 14 16 29 35 44
C: 4 11 28 29 33 45
D: 3 17 24 34 37 45
E: 7 12 26 27 33 43
------------------------------
A: 3 14 27 37 39 40
B: 3 18 19 21 40 44
C: 4 13 27 28 38 43
D: 7 14 27 29 34 35
E: 13 16 20 21 37 39
------------------------------
🍀 "행운의 바람이 불어오고 있어요. 1등 갑시다!"
87번째 추천 번호에요~❤️❤️
[직전회차 1204회]
------------------------------
A: 13 14 33 37 40 45
B: 14 26 28 33 40 45
C: 3 14 18 33 39 45
D: 14 18 33 35 43 45
E: 14 28 30 31 33 45
------------------------------
A: 7 16 17 37 40 42
B: 3 17 27 36 37 40
C: 5 14 19 33 39 42
D: 7 17 19 36 37 40
E: 6 14 29 33 34 45
------------------------------
A: 3 16 27 37 38 40
B: 5 17 18 37 39 44
C: 13 14 21 29 39 44
D: 2 13 27 37 38 40
E: 8 14 19 33 34 43
------------------------------
🛫 "당첨의 여정, 지금 시작됩니다. 착륙지는 1등!"
88번째 추천 번호에요~❤️❤️
[직전회차 1205회]
------------------------------
A: 20 27 35 37 39 40
B: 27 30 34 37 39 40
C: 17 27 37 40 43 45
D: 7 16 27 37 40 43
E: 27 28 37 38 40 41
------------------------------
A: 1 17 24 27 37 39
B: 3 11 27 28 34 44
C: 14 16 24 29 33 39
D: 7 17 18 27 34 42
E: 3 12 26 27 38 44
------------------------------
A: 1 14 26 28 37 44
B: 3 14 24 37 38 40
C: 4 13 26 28 39 45
D: 6 18 26 29 33 34
E: 7 14 24 30 38 43
------------------------------
🛫 "당첨의 여정, 지금 시작됩니다. 착륙지는 1등!"
